# Calibration constants for [f1, f2, f3, preshape]
encoder_zero_reference: [2.25202, 6.08529, 4.6843]
motor_zero_reference: [59.4768, 56.5594, 59.7102, 55.3473]
